c     Created on: Tuesday, February 12, 2013 at 23:10
    1     0         (-1 -2 -3 -4 -5 -6 )
    2     0         (-7 -8 -9 )
    3     0         (-10 )
    4     0         (-11 6 -13 -14 -15 -16 )
    5     0         (-13 5 -11 -20 -15 -16 )
    6     0         (1 :2 :3 :4 :5 :6 )(7 :8 :9 )(10 )(11 :-6 :13 :14 :15 :16 )
            (13 :-5 :11 :20 :15 :16 )

    1         p 1 0 0 -25 
    2         p 0 1 0 2.5 
    3         p -1 0 0 35 
    4         p 0 -1 0 2.5 
    5         p 0 0 1 2.5 
    6         p 0 0 -1 2.5 
    7         p 1 0 0 79.49 
    8         p -1 0 0 -59.17 
    9       c/x 0 0 5.08 
   10         s 29.585 0 0 5.585 
   11         p -1 0 1.2490009027033e-016 1 
   12         p 0 0 1 -2.5 
   13         p 1 0 -1.1796119636642e-016 1 
   14         p 0 0 -1 27.5 
   15         p 0 1 0 5 
   16         p 0 -1 0 5 
   17         p 1 0 1.1796119636642e-016 1 
   18         p 0 0 -1 -2.5 
   19         p -1 0 -1.2490009027033e-016 1 
   20         p 0 0 1 27.5 
   21         p 0 1 0 5 
   22         p 0 -1 0 5 

c WGPu, DOE 3013, rho = 19.84
$ Neutron
94238 -0.000500
94239 -0.935000
94240 -0.060000
79
94241 -0.004000
94242 -0.000500
----------------------------------------------------------------------------------------------
94238 0.000502
94239 0.935270
94240 0.059767
94241 0.003968
94242 0.000494

$ Photon
94000 -1.000000
----------------------------------------------------------------------------------------------
94000 1.000000